{
  "nbformat": 4,
  "nbformat_minor": 0,
  "metadata": {
    "colab": {
      "provenance": []
    },
    "kernelspec": {
      "name": "python3",
      "display_name": "Python 3"
    },
    "language_info": {
      "name": "python"
    }
  },
  "cells": [
    {
      "cell_type": "code",
      "execution_count": 1,
      "metadata": {
        "id": "FWXWywbw1_MY"
      },
      "outputs": [],
      "source": [
        "import numpy as np\n",
        "import pandas as pd\n",
        "import matplotlib.pyplot"
      ]
    },
    {
      "cell_type": "markdown",
      "source": [
        "# ***DATA PREPROCESSING***"
      ],
      "metadata": {
        "id": "XV4m6oOR8yo7"
      }
    },
    {
      "cell_type": "code",
      "source": [
        "df = pd.read_csv(\"Anemia.csv\")\n",
        "df"
      ],
      "metadata": {
        "id": "e0bYkKdQ2zTm",
        "colab": {
          "base_uri": "https://localhost:8080/",
          "height": 411
        },
        "outputId": "8631af77-98db-45fb-934e-408d3132f05e"
      },
      "execution_count": 2,
      "outputs": [
        {
          "output_type": "execute_result",
          "data": {
            "text/plain": [
              "     Number Sex  %Red Pixel  %Green pixel  %Blue pixel    Hb Anaemic\n",
              "0         1   M     43.2555       30.8421      25.9025   6.3     Yes\n",
              "1         2   F     45.6033       28.1900      26.2067  13.5      No\n",
              "2         3  F      45.0107       28.9677      26.0215  11.7      No\n",
              "3         4   F     44.5398       28.9899      26.4703  13.5      No\n",
              "4         5  M      43.2870       30.6972      26.0158  12.4      No\n",
              "..      ...  ..         ...           ...          ...   ...     ...\n",
              "99      100  F      49.9999       29.2860      20.7141  14.5     Yes\n",
              "100     101  M      42.2324       30.6757      27.0919   6.3     Yes\n",
              "101     102   F     45.6064       31.9084      22.4852  12.7      No\n",
              "102     103  M      45.2095       29.2769      25.5136  13.4      No\n",
              "103     104   F     43.5706       29.8094      26.6199  12.2      No\n",
              "\n",
              "[104 rows x 7 columns]"
            ],
            "text/html": [
              "\n",
              "  <div id=\"df-38c11eb1-462b-4b42-8628-d782a782308e\" class=\"colab-df-container\">\n",
              "    <div>\n",
              "<style scoped>\n",
              "    .dataframe tbody tr th:only-of-type {\n",
              "        vertical-align: middle;\n",
              "    }\n",
              "\n",
              "    .dataframe tbody tr th {\n",
              "        vertical-align: top;\n",
              "    }\n",
              "\n",
              "    .dataframe thead th {\n",
              "        text-align: right;\n",
              "    }\n",
              "</style>\n",
              "<table border=\"1\" class=\"dataframe\">\n",
              "  <thead>\n",
              "    <tr style=\"text-align: right;\">\n",
              "      <th></th>\n",
              "      <th>Number</th>\n",
              "      <th>Sex</th>\n",
              "      <th>%Red Pixel</th>\n",
              "      <th>%Green pixel</th>\n",
              "      <th>%Blue pixel</th>\n",
              "      <th>Hb</th>\n",
              "      <th>Anaemic</th>\n",
              "    </tr>\n",
              "  </thead>\n",
              "  <tbody>\n",
              "    <tr>\n",
              "      <th>0</th>\n",
              "      <td>1</td>\n",
              "      <td>M</td>\n",
              "      <td>43.2555</td>\n",
              "      <td>30.8421</td>\n",
              "      <td>25.9025</td>\n",
              "      <td>6.3</td>\n",
              "      <td>Yes</td>\n",
              "    </tr>\n",
              "    <tr>\n",
              "      <th>1</th>\n",
              "      <td>2</td>\n",
              "      <td>F</td>\n",
              "      <td>45.6033</td>\n",
              "      <td>28.1900</td>\n",
              "      <td>26.2067</td>\n",
              "      <td>13.5</td>\n",
              "      <td>No</td>\n",
              "    </tr>\n",
              "    <tr>\n",
              "      <th>2</th>\n",
              "      <td>3</td>\n",
              "      <td>F</td>\n",
              "      <td>45.0107</td>\n",
              "      <td>28.9677</td>\n",
              "      <td>26.0215</td>\n",
              "      <td>11.7</td>\n",
              "      <td>No</td>\n",
              "    </tr>\n",
              "    <tr>\n",
              "      <th>3</th>\n",
              "      <td>4</td>\n",
              "      <td>F</td>\n",
              "      <td>44.5398</td>\n",
              "      <td>28.9899</td>\n",
              "      <td>26.4703</td>\n",
              "      <td>13.5</td>\n",
              "      <td>No</td>\n",
              "    </tr>\n",
              "    <tr>\n",
              "      <th>4</th>\n",
              "      <td>5</td>\n",
              "      <td>M</td>\n",
              "      <td>43.2870</td>\n",
              "      <td>30.6972</td>\n",
              "      <td>26.0158</td>\n",
              "      <td>12.4</td>\n",
              "      <td>No</td>\n",
              "    </tr>\n",
              "    <tr>\n",
              "      <th>...</th>\n",
              "      <td>...</td>\n",
              "      <td>...</td>\n",
              "      <td>...</td>\n",
              "      <td>...</td>\n",
              "      <td>...</td>\n",
              "      <td>...</td>\n",
              "      <td>...</td>\n",
              "    </tr>\n",
              "    <tr>\n",
              "      <th>99</th>\n",
              "      <td>100</td>\n",
              "      <td>F</td>\n",
              "      <td>49.9999</td>\n",
              "      <td>29.2860</td>\n",
              "      <td>20.7141</td>\n",
              "      <td>14.5</td>\n",
              "      <td>Yes</td>\n",
              "    </tr>\n",
              "    <tr>\n",
              "      <th>100</th>\n",
              "      <td>101</td>\n",
              "      <td>M</td>\n",
              "      <td>42.2324</td>\n",
              "      <td>30.6757</td>\n",
              "      <td>27.0919</td>\n",
              "      <td>6.3</td>\n",
              "      <td>Yes</td>\n",
              "    </tr>\n",
              "    <tr>\n",
              "      <th>101</th>\n",
              "      <td>102</td>\n",
              "      <td>F</td>\n",
              "      <td>45.6064</td>\n",
              "      <td>31.9084</td>\n",
              "      <td>22.4852</td>\n",
              "      <td>12.7</td>\n",
              "      <td>No</td>\n",
              "    </tr>\n",
              "    <tr>\n",
              "      <th>102</th>\n",
              "      <td>103</td>\n",
              "      <td>M</td>\n",
              "      <td>45.2095</td>\n",
              "      <td>29.2769</td>\n",
              "      <td>25.5136</td>\n",
              "      <td>13.4</td>\n",
              "      <td>No</td>\n",
              "    </tr>\n",
              "    <tr>\n",
              "      <th>103</th>\n",
              "      <td>104</td>\n",
              "      <td>F</td>\n",
              "      <td>43.5706</td>\n",
              "      <td>29.8094</td>\n",
              "      <td>26.6199</td>\n",
              "      <td>12.2</td>\n",
              "      <td>No</td>\n",
              "    </tr>\n",
              "  </tbody>\n",
              "</table>\n",
              "<p>104 rows × 7 columns</p>\n",
              "</div>\n",
              "    <div class=\"colab-df-buttons\">\n",
              "\n",
              "  <div class=\"colab-df-container\">\n",
              "    <button class=\"colab-df-convert\" onclick=\"convertToInteractive('df-38c11eb1-462b-4b42-8628-d782a782308e')\"\n",
              "            title=\"Convert this dataframe to an interactive table.\"\n",
              "            style=\"display:none;\">\n",
              "\n",
              "  <svg xmlns=\"http://www.w3.org/2000/svg\" height=\"24px\" viewBox=\"0 -960 960 960\">\n",
              "    <path d=\"M120-120v-720h720v720H120Zm60-500h600v-160H180v160Zm220 220h160v-160H400v160Zm0 220h160v-160H400v160ZM180-400h160v-160H180v160Zm440 0h160v-160H620v160ZM180-180h160v-160H180v160Zm440 0h160v-160H620v160Z\"/>\n",
              "  </svg>\n",
              "    </button>\n",
              "\n",
              "  <style>\n",
              "    .colab-df-container {\n",
              "      display:flex;\n",
              "      gap: 12px;\n",
              "    }\n",
              "\n",
              "    .colab-df-convert {\n",
              "      background-color: #E8F0FE;\n",
              "      border: none;\n",
              "      border-radius: 50%;\n",
              "      cursor: pointer;\n",
              "      display: none;\n",
              "      fill: #1967D2;\n",
              "      height: 32px;\n",
              "      padding: 0 0 0 0;\n",
              "      width: 32px;\n",
              "    }\n",
              "\n",
              "    .colab-df-convert:hover {\n",
              "      background-color: #E2EBFA;\n",
              "      box-shadow: 0px 1px 2px rgba(60, 64, 67, 0.3), 0px 1px 3px 1px rgba(60, 64, 67, 0.15);\n",
              "      fill: #174EA6;\n",
              "    }\n",
              "\n",
              "    .colab-df-buttons div {\n",
              "      margin-bottom: 4px;\n",
              "    }\n",
              "\n",
              "    [theme=dark] .colab-df-convert {\n",
              "      background-color: #3B4455;\n",
              "      fill: #D2E3FC;\n",
              "    }\n",
              "\n",
              "    [theme=dark] .colab-df-convert:hover {\n",
              "      background-color: #434B5C;\n",
              "      box-shadow: 0px 1px 3px 1px rgba(0, 0, 0, 0.15);\n",
              "      filter: drop-shadow(0px 1px 2px rgba(0, 0, 0, 0.3));\n",
              "      fill: #FFFFFF;\n",
              "    }\n",
              "  </style>\n",
              "\n",
              "    <script>\n",
              "      const buttonEl =\n",
              "        document.querySelector('#df-38c11eb1-462b-4b42-8628-d782a782308e button.colab-df-convert');\n",
              "      buttonEl.style.display =\n",
              "        google.colab.kernel.accessAllowed ? 'block' : 'none';\n",
              "\n",
              "      async function convertToInteractive(key) {\n",
              "        const element = document.querySelector('#df-38c11eb1-462b-4b42-8628-d782a782308e');\n",
              "        const dataTable =\n",
              "          await google.colab.kernel.invokeFunction('convertToInteractive',\n",
              "                                                    [key], {});\n",
              "        if (!dataTable) return;\n",
              "\n",
              "        const docLinkHtml = 'Like what you see? Visit the ' +\n",
              "          '<a target=\"_blank\" href=https://colab.research.google.com/notebooks/data_table.ipynb>data table notebook</a>'\n",
              "          + ' to learn more about interactive tables.';\n",
              "        element.innerHTML = '';\n",
              "        dataTable['output_type'] = 'display_data';\n",
              "        await google.colab.output.renderOutput(dataTable, element);\n",
              "        const docLink = document.createElement('div');\n",
              "        docLink.innerHTML = docLinkHtml;\n",
              "        element.appendChild(docLink);\n",
              "      }\n",
              "    </script>\n",
              "  </div>\n",
              "\n",
              "\n",
              "<div id=\"df-839a34e2-1162-4ed5-8dcb-2a7bcad458b9\">\n",
              "  <button class=\"colab-df-quickchart\" onclick=\"quickchart('df-839a34e2-1162-4ed5-8dcb-2a7bcad458b9')\"\n",
              "            title=\"Suggest charts\"\n",
              "            style=\"display:none;\">\n",
              "\n",
              "<svg xmlns=\"http://www.w3.org/2000/svg\" height=\"24px\"viewBox=\"0 0 24 24\"\n",
              "     width=\"24px\">\n",
              "    <g>\n",
              "        <path d=\"M19 3H5c-1.1 0-2 .9-2 2v14c0 1.1.9 2 2 2h14c1.1 0 2-.9 2-2V5c0-1.1-.9-2-2-2zM9 17H7v-7h2v7zm4 0h-2V7h2v10zm4 0h-2v-4h2v4z\"/>\n",
              "    </g>\n",
              "</svg>\n",
              "  </button>\n",
              "\n",
              "<style>\n",
              "  .colab-df-quickchart {\n",
              "      --bg-color: #E8F0FE;\n",
              "      --fill-color: #1967D2;\n",
              "      --hover-bg-color: #E2EBFA;\n",
              "      --hover-fill-color: #174EA6;\n",
              "      --disabled-fill-color: #AAA;\n",
              "      --disabled-bg-color: #DDD;\n",
              "  }\n",
              "\n",
              "  [theme=dark] .colab-df-quickchart {\n",
              "      --bg-color: #3B4455;\n",
              "      --fill-color: #D2E3FC;\n",
              "      --hover-bg-color: #434B5C;\n",
              "      --hover-fill-color: #FFFFFF;\n",
              "      --disabled-bg-color: #3B4455;\n",
              "      --disabled-fill-color: #666;\n",
              "  }\n",
              "\n",
              "  .colab-df-quickchart {\n",
              "    background-color: var(--bg-color);\n",
              "    border: none;\n",
              "    border-radius: 50%;\n",
              "    cursor: pointer;\n",
              "    display: none;\n",
              "    fill: var(--fill-color);\n",
              "    height: 32px;\n",
              "    padding: 0;\n",
              "    width: 32px;\n",
              "  }\n",
              "\n",
              "  .colab-df-quickchart:hover {\n",
              "    background-color: var(--hover-bg-color);\n",
              "    box-shadow: 0 1px 2px rgba(60, 64, 67, 0.3), 0 1px 3px 1px rgba(60, 64, 67, 0.15);\n",
              "    fill: var(--button-hover-fill-color);\n",
              "  }\n",
              "\n",
              "  .colab-df-quickchart-complete:disabled,\n",
              "  .colab-df-quickchart-complete:disabled:hover {\n",
              "    background-color: var(--disabled-bg-color);\n",
              "    fill: var(--disabled-fill-color);\n",
              "    box-shadow: none;\n",
              "  }\n",
              "\n",
              "  .colab-df-spinner {\n",
              "    border: 2px solid var(--fill-color);\n",
              "    border-color: transparent;\n",
              "    border-bottom-color: var(--fill-color);\n",
              "    animation:\n",
              "      spin 1s steps(1) infinite;\n",
              "  }\n",
              "\n",
              "  @keyframes spin {\n",
              "    0% {\n",
              "      border-color: transparent;\n",
              "      border-bottom-color: var(--fill-color);\n",
              "      border-left-color: var(--fill-color);\n",
              "    }\n",
              "    20% {\n",
              "      border-color: transparent;\n",
              "      border-left-color: var(--fill-color);\n",
              "      border-top-color: var(--fill-color);\n",
              "    }\n",
              "    30% {\n",
              "      border-color: transparent;\n",
              "      border-left-color: var(--fill-color);\n",
              "      border-top-color: var(--fill-color);\n",
              "      border-right-color: var(--fill-color);\n",
              "    }\n",
              "    40% {\n",
              "      border-color: transparent;\n",
              "      border-right-color: var(--fill-color);\n",
              "      border-top-color: var(--fill-color);\n",
              "    }\n",
              "    60% {\n",
              "      border-color: transparent;\n",
              "      border-right-color: var(--fill-color);\n",
              "    }\n",
              "    80% {\n",
              "      border-color: transparent;\n",
              "      border-right-color: var(--fill-color);\n",
              "      border-bottom-color: var(--fill-color);\n",
              "    }\n",
              "    90% {\n",
              "      border-color: transparent;\n",
              "      border-bottom-color: var(--fill-color);\n",
              "    }\n",
              "  }\n",
              "</style>\n",
              "\n",
              "  <script>\n",
              "    async function quickchart(key) {\n",
              "      const quickchartButtonEl =\n",
              "        document.querySelector('#' + key + ' button');\n",
              "      quickchartButtonEl.disabled = true;  // To prevent multiple clicks.\n",
              "      quickchartButtonEl.classList.add('colab-df-spinner');\n",
              "      try {\n",
              "        const charts = await google.colab.kernel.invokeFunction(\n",
              "            'suggestCharts', [key], {});\n",
              "      } catch (error) {\n",
              "        console.error('Error during call to suggestCharts:', error);\n",
              "      }\n",
              "      quickchartButtonEl.classList.remove('colab-df-spinner');\n",
              "      quickchartButtonEl.classList.add('colab-df-quickchart-complete');\n",
              "    }\n",
              "    (() => {\n",
              "      let quickchartButtonEl =\n",
              "        document.querySelector('#df-839a34e2-1162-4ed5-8dcb-2a7bcad458b9 button');\n",
              "      quickchartButtonEl.style.display =\n",
              "        google.colab.kernel.accessAllowed ? 'block' : 'none';\n",
              "    })();\n",
              "  </script>\n",
              "</div>\n",
              "\n",
              "  <div id=\"id_cdd8b275-b8cd-4a64-b39a-f9e8680807d0\">\n",
              "    <style>\n",
              "      .colab-df-generate {\n",
              "        background-color: #E8F0FE;\n",
              "        border: none;\n",
              "        border-radius: 50%;\n",
              "        cursor: pointer;\n",
              "        display: none;\n",
              "        fill: #1967D2;\n",
              "        height: 32px;\n",
              "        padding: 0 0 0 0;\n",
              "        width: 32px;\n",
              "      }\n",
              "\n",
              "      .colab-df-generate:hover {\n",
              "        background-color: #E2EBFA;\n",
              "        box-shadow: 0px 1px 2px rgba(60, 64, 67, 0.3), 0px 1px 3px 1px rgba(60, 64, 67, 0.15);\n",
              "        fill: #174EA6;\n",
              "      }\n",
              "\n",
              "      [theme=dark] .colab-df-generate {\n",
              "        background-color: #3B4455;\n",
              "        fill: #D2E3FC;\n",
              "      }\n",
              "\n",
              "      [theme=dark] .colab-df-generate:hover {\n",
              "        background-color: #434B5C;\n",
              "        box-shadow: 0px 1px 3px 1px rgba(0, 0, 0, 0.15);\n",
              "        filter: drop-shadow(0px 1px 2px rgba(0, 0, 0, 0.3));\n",
              "        fill: #FFFFFF;\n",
              "      }\n",
              "    </style>\n",
              "    <button class=\"colab-df-generate\" onclick=\"generateWithVariable('df')\"\n",
              "            title=\"Generate code using this dataframe.\"\n",
              "            style=\"display:none;\">\n",
              "\n",
              "  <svg xmlns=\"http://www.w3.org/2000/svg\" height=\"24px\"viewBox=\"0 0 24 24\"\n",
              "       width=\"24px\">\n",
              "    <path d=\"M7,19H8.4L18.45,9,17,7.55,7,17.6ZM5,21V16.75L18.45,3.32a2,2,0,0,1,2.83,0l1.4,1.43a1.91,1.91,0,0,1,.58,1.4,1.91,1.91,0,0,1-.58,1.4L9.25,21ZM18.45,9,17,7.55Zm-12,3A5.31,5.31,0,0,0,4.9,8.1,5.31,5.31,0,0,0,1,6.5,5.31,5.31,0,0,0,4.9,4.9,5.31,5.31,0,0,0,6.5,1,5.31,5.31,0,0,0,8.1,4.9,5.31,5.31,0,0,0,12,6.5,5.46,5.46,0,0,0,6.5,12Z\"/>\n",
              "  </svg>\n",
              "    </button>\n",
              "    <script>\n",
              "      (() => {\n",
              "      const buttonEl =\n",
              "        document.querySelector('#id_cdd8b275-b8cd-4a64-b39a-f9e8680807d0 button.colab-df-generate');\n",
              "      buttonEl.style.display =\n",
              "        google.colab.kernel.accessAllowed ? 'block' : 'none';\n",
              "\n",
              "      buttonEl.onclick = () => {\n",
              "        google.colab.notebook.generateWithVariable('df');\n",
              "      }\n",
              "      })();\n",
              "    </script>\n",
              "  </div>\n",
              "\n",
              "    </div>\n",
              "  </div>\n"
            ],
            "application/vnd.google.colaboratory.intrinsic+json": {
              "type": "dataframe",
              "variable_name": "df",
              "summary": "{\n  \"name\": \"df\",\n  \"rows\": 104,\n  \"fields\": [\n    {\n      \"column\": \"Number\",\n      \"properties\": {\n        \"dtype\": \"number\",\n        \"std\": 30,\n        \"min\": 1,\n        \"max\": 104,\n        \"num_unique_values\": 104,\n        \"samples\": [\n          31,\n          66,\n          65\n        ],\n        \"semantic_type\": \"\",\n        \"description\": \"\"\n      }\n    },\n    {\n      \"column\": \"Sex\",\n      \"properties\": {\n        \"dtype\": \"category\",\n        \"num_unique_values\": 4,\n        \"samples\": [\n          \"F\",\n          \"M \",\n          \"M\"\n        ],\n        \"semantic_type\": \"\",\n        \"description\": \"\"\n      }\n    },\n    {\n      \"column\": \"%Red Pixel\",\n      \"properties\": {\n        \"dtype\": \"number\",\n        \"std\": 2.8162939069011497,\n        \"min\": 38.7968,\n        \"max\": 54.6478,\n        \"num_unique_values\": 103,\n        \"samples\": [\n          44.2572,\n          42.5892,\n          45.8483\n        ],\n        \"semantic_type\": \"\",\n        \"description\": \"\"\n      }\n    },\n    {\n      \"column\": \"%Green pixel\",\n      \"properties\": {\n        \"dtype\": \"number\",\n        \"std\": 1.5542751246668463,\n        \"min\": 25.1403,\n        \"max\": 32.3681,\n        \"num_unique_values\": 103,\n        \"samples\": [\n          29.6578,\n          31.5405,\n          27.2043\n        ],\n        \"semantic_type\": \"\",\n        \"description\": \"\"\n      }\n    },\n    {\n      \"column\": \"%Blue pixel\",\n      \"properties\": {\n        \"dtype\": \"number\",\n        \"std\": 1.9846714900084665,\n        \"min\": 19.5413,\n        \"max\": 29.8414,\n        \"num_unique_values\": 103,\n        \"samples\": [\n          26.085,\n          25.8703,\n          26.9474\n        ],\n        \"semantic_type\": \"\",\n        \"description\": \"\"\n      }\n    },\n    {\n      \"column\": \"Hb\",\n      \"properties\": {\n        \"dtype\": \"number\",\n        \"std\": 2.512956530220567,\n        \"min\": 2.8,\n        \"max\": 16.3,\n        \"num_unique_values\": 62,\n        \"samples\": [\n          11.1,\n          16.0,\n          6.3\n        ],\n        \"semantic_type\": \"\",\n        \"description\": \"\"\n      }\n    },\n    {\n      \"column\": \"Anaemic\",\n      \"properties\": {\n        \"dtype\": \"category\",\n        \"num_unique_values\": 2,\n        \"samples\": [\n          \"No\",\n          \"Yes\"\n        ],\n        \"semantic_type\": \"\",\n        \"description\": \"\"\n      }\n    }\n  ]\n}"
            }
          },
          "metadata": {},
          "execution_count": 2
        }
      ]
    },
    {
      "cell_type": "code",
      "metadata": {
        "id": "M52QDmyzhh9s",
        "colab": {
          "base_uri": "https://localhost:8080/"
        },
        "outputId": "8b01979c-d4db-4faf-f854-37fa2e8de472"
      },
      "source": [
        "X = np.array(df.iloc[:, 1:-1].values)\n",
        "y = np.array(df.iloc[:, -1].values)\n",
        "print(X)\n",
        "print(y)"
      ],
      "execution_count": 3,
      "outputs": [
        {
          "output_type": "stream",
          "name": "stdout",
          "text": [
            "[['M' 43.2555 30.8421 25.9025 6.3]\n",
            " ['F' 45.6033 28.19 26.2067 13.5]\n",
            " ['F ' 45.0107 28.9677 26.0215 11.7]\n",
            " ['F' 44.5398 28.9899 26.4703 13.5]\n",
            " ['M ' 43.287 30.6972 26.0158 12.4]\n",
            " ['M' 45.0994 27.9645 26.9361 16.2]\n",
            " ['F' 43.1457 30.1628 26.6915 8.6]\n",
            " ['F ' 43.6103 29.1099 27.2798 10.3]\n",
            " ['F' 45.0423 29.166 25.7918 13.0]\n",
            " ['F' 46.5143 27.4282 26.0575 9.7]\n",
            " ['F' 45.3506 29.1248 25.5246 12.6]\n",
            " ['F' 44.4062 28.9298 26.664 15.4]\n",
            " ['F' 44.9642 30.5279 24.5079 4.8]\n",
            " ['M ' 45.0484 31.1049 23.8467 9.0]\n",
            " ['M ' 46.9942 26.0496 26.9562 14.6]\n",
            " ['M' 45.5842 28.7311 25.6848 14.0]\n",
            " ['F' 42.5358 30.1604 27.3039 10.0]\n",
            " ['F' 44.0957 29.9973 25.907 8.3]\n",
            " ['F' 45.7104 27.5693 26.7204 13.6]\n",
            " ['F ' 40.9365 31.9687 27.0948 9.9]\n",
            " ['F' 44.9116 30.3761 24.7123 11.6]\n",
            " ['F ' 43.4225 29.7889 26.7886 12.4]\n",
            " ['F' 43.3019 29.8285 26.8697 12.1]\n",
            " ['F ' 47.6372 26.7953 25.5675 15.1]\n",
            " ['M' 45.6906 30.0735 24.2359 9.1]\n",
            " ['M ' 43.4098 31.2315 25.3586 12.9]\n",
            " ['F' 44.4252 28.7436 26.8312 14.7]\n",
            " ['M' 44.3297 28.7617 26.9086 14.1]\n",
            " ['M' 47.8913 27.0952 25.0135 14.6]\n",
            " ['M' 42.2473 30.2089 27.5438 13.7]\n",
            " ['M' 44.2572 29.6578 26.085 12.9]\n",
            " ['M ' 48.6358 26.6982 24.666 15.0]\n",
            " ['M' 42.1652 29.3907 28.4441 13.4]\n",
            " ['M' 45.4434 28.3301 26.2265 14.5]\n",
            " ['F ' 42.1528 30.432 27.4152 13.7]\n",
            " ['M ' 45.2588 28.0079 26.7333 12.6]\n",
            " ['F ' 46.4081 28.1641 25.4278 13.5]\n",
            " ['M' 47.2275 28.2526 24.5199 12.8]\n",
            " ['F' 47.3642 27.473 25.1628 11.8]\n",
            " ['M ' 46.1449 27.7085 26.1466 14.1]\n",
            " ['M ' 41.7122 30.1452 28.1426 10.9]\n",
            " ['M' 47.9777 26.7981 25.2242 16.3]\n",
            " ['M' 46.7628 28.018 25.2192 15.2]\n",
            " ['M ' 44.9526 28.4671 26.5803 13.1]\n",
            " ['M' 44.1868 28.9764 26.8368 14.1]\n",
            " ['M ' 46.9428 27.2219 25.8353 13.3]\n",
            " ['M' 48.8523 26.2003 24.9474 14.1]\n",
            " ['M' 45.7581 27.2867 26.9553 11.8]\n",
            " ['M ' 48.5356 26.4917 24.9727 15.6]\n",
            " ['M ' 45.5833 27.6916 26.7252 11.7]\n",
            " ['M' 45.9659 28.4015 25.6326 13.0]\n",
            " ['M' 44.0418 28.5164 27.4418 11.9]\n",
            " ['M' 43.9633 28.5978 27.439 13.4]\n",
            " ['F ' 47.1003 28.3195 24.5801 12.4]\n",
            " ['M ' 46.0477 28.6476 25.3047 14.4]\n",
            " ['M ' 46.2133 28.3358 25.4509 13.0]\n",
            " ['M' 49.1475 28.2711 22.5813 12.6]\n",
            " ['M ' 45.7986 27.7309 26.4706 13.0]\n",
            " ['M ' 40.6395 32.1891 27.1714 2.8]\n",
            " ['F ' 50.3562 29.2206 20.4232 11.9]\n",
            " ['F ' 43.9224 29.8338 26.2437 12.1]\n",
            " ['F ' 45.0693 29.8506 25.0801 10.0]\n",
            " ['F ' 45.8483 27.2043 26.9474 15.5]\n",
            " ['M ' 43.4837 30.7106 25.8057 10.5]\n",
            " ['F ' 38.7968 31.3618 29.8414 8.5]\n",
            " ['F ' 45.4201 29.4684 25.1115 12.0]\n",
            " ['M ' 44.1609 29.5993 26.2399 9.5]\n",
            " ['F ' 44.1609 29.5993 26.2399 12.5]\n",
            " ['F' 42.5892 31.5405 25.8703 9.0]\n",
            " ['F ' 46.9597 28.4993 24.541 8.4]\n",
            " ['F ' 44.1995 29.486 26.3145 11.2]\n",
            " ['M ' 41.133 32.3681 26.4989 10.0]\n",
            " ['F ' 52.9108 26.7881 20.301 11.5]\n",
            " ['M ' 50.4976 28.8065 20.696 11.1]\n",
            " ['M ' 44.72 28.0357 27.2443 14.0]\n",
            " ['M' 53.9113 26.3455 19.7433 14.5]\n",
            " ['F' 49.5899 28.9754 21.4347 9.9]\n",
            " ['F' 45.9707 30.9397 23.0896 8.7]\n",
            " ['F' 42.4532 30.9448 26.602 9.2]\n",
            " ['F ' 44.3346 30.4043 25.2611 8.0]\n",
            " ['F ' 43.8783 29.4752 26.6465 14.1]\n",
            " ['F' 42.8269 29.0594 28.1137 12.7]\n",
            " ['F' 43.1335 29.3459 27.5206 10.4]\n",
            " ['M' 45.4735 27.9181 26.6084 16.0]\n",
            " ['F' 50.4801 25.1403 24.3796 11.5]\n",
            " ['F' 46.255 27.2758 26.4692 11.0]\n",
            " ['M' 46.7979 28.1768 25.0253 14.0]\n",
            " ['M ' 46.5811 29.7082 23.7107 11.3]\n",
            " ['M ' 54.6478 25.8109 19.5413 15.2]\n",
            " ['M' 48.8763 29.4806 21.6431 12.5]\n",
            " ['F ' 46.3745 28.882 24.7435 10.7]\n",
            " ['M ' 43.1425 30.289 26.5686 9.5]\n",
            " ['M ' 49.5037 26.7716 23.7246 14.5]\n",
            " ['M ' 47.7549 26.2457 25.9994 15.2]\n",
            " ['F ' 42.5314 30.9742 26.4944 8.7]\n",
            " ['M' 52.154 26.0853 21.7607 16.0]\n",
            " ['F' 51.5802 28.2678 20.152 13.2]\n",
            " ['M' 48.3681 26.922 24.7099 12.5]\n",
            " ['M ' 47.326 27.278 25.396 13.0]\n",
            " ['F ' 49.9999 29.286 20.7141 14.5]\n",
            " ['M ' 42.2324 30.6757 27.0919 6.3]\n",
            " ['F' 45.6064 31.9084 22.4852 12.7]\n",
            " ['M ' 45.2095 29.2769 25.5136 13.4]\n",
            " ['F' 43.5706 29.8094 26.6199 12.2]]\n",
            "['Yes' 'No' 'No' 'No' 'No' 'No' 'Yes' 'No' 'No' 'Yes' 'No' 'No' 'Yes'\n",
            " 'Yes' 'No' 'No' 'Yes' 'Yes' 'No' 'Yes' 'No' 'No' 'No' 'No' 'Yes' 'No'\n",
            " 'No' 'No' 'No' 'No' 'No' 'No' 'No' 'No' 'No' 'No' 'No' 'No' 'No' 'No'\n",
            " 'No' 'No' 'No' 'No' 'No' 'No' 'No' 'No' 'No' 'No' 'No' 'No' 'No' 'No'\n",
            " 'No' 'No' 'No' 'No' 'Yes' 'No' 'No' 'Yes' 'No' 'Yes' 'Yes' 'No' 'Yes'\n",
            " 'No' 'Yes' 'Yes' 'No' 'Yes' 'No' 'No' 'No' 'No' 'Yes' 'Yes' 'Yes' 'Yes'\n",
            " 'No' 'No' 'Yes' 'No' 'No' 'No' 'No' 'No' 'No' 'No' 'No' 'Yes' 'No' 'No'\n",
            " 'Yes' 'No' 'No' 'No' 'No' 'Yes' 'Yes' 'No' 'No' 'No']\n"
          ]
        }
      ]
    },
    {
      "cell_type": "code",
      "source": [
        "x_gender = []\n",
        "for i in X[:, 0]:\n",
        "  x_gender.append(i.rstrip())\n",
        "X[:, 0] = x_gender"
      ],
      "metadata": {
        "id": "X1zU4okJmnz7"
      },
      "execution_count": 4,
      "outputs": []
    },
    {
      "cell_type": "code",
      "source": [
        "from sklearn.compose import ColumnTransformer\n",
        "from sklearn.preprocessing import OneHotEncoder\n",
        "ct = ColumnTransformer(transformers = [('encoder', OneHotEncoder(), [0])], remainder='passthrough')\n",
        "X = np.array(ct.fit_transform(X))\n",
        "print(X)"
      ],
      "metadata": {
        "id": "Xn76na834QfY",
        "colab": {
          "base_uri": "https://localhost:8080/"
        },
        "outputId": "ee142461-da37-425f-a852-9fa29f8e14aa"
      },
      "execution_count": 5,
      "outputs": [
        {
          "output_type": "stream",
          "name": "stdout",
          "text": [
            "[[0.0 1.0 43.2555 30.8421 25.9025 6.3]\n",
            " [1.0 0.0 45.6033 28.19 26.2067 13.5]\n",
            " [1.0 0.0 45.0107 28.9677 26.0215 11.7]\n",
            " [1.0 0.0 44.5398 28.9899 26.4703 13.5]\n",
            " [0.0 1.0 43.287 30.6972 26.0158 12.4]\n",
            " [0.0 1.0 45.0994 27.9645 26.9361 16.2]\n",
            " [1.0 0.0 43.1457 30.1628 26.6915 8.6]\n",
            " [1.0 0.0 43.6103 29.1099 27.2798 10.3]\n",
            " [1.0 0.0 45.0423 29.166 25.7918 13.0]\n",
            " [1.0 0.0 46.5143 27.4282 26.0575 9.7]\n",
            " [1.0 0.0 45.3506 29.1248 25.5246 12.6]\n",
            " [1.0 0.0 44.4062 28.9298 26.664 15.4]\n",
            " [1.0 0.0 44.9642 30.5279 24.5079 4.8]\n",
            " [0.0 1.0 45.0484 31.1049 23.8467 9.0]\n",
            " [0.0 1.0 46.9942 26.0496 26.9562 14.6]\n",
            " [0.0 1.0 45.5842 28.7311 25.6848 14.0]\n",
            " [1.0 0.0 42.5358 30.1604 27.3039 10.0]\n",
            " [1.0 0.0 44.0957 29.9973 25.907 8.3]\n",
            " [1.0 0.0 45.7104 27.5693 26.7204 13.6]\n",
            " [1.0 0.0 40.9365 31.9687 27.0948 9.9]\n",
            " [1.0 0.0 44.9116 30.3761 24.7123 11.6]\n",
            " [1.0 0.0 43.4225 29.7889 26.7886 12.4]\n",
            " [1.0 0.0 43.3019 29.8285 26.8697 12.1]\n",
            " [1.0 0.0 47.6372 26.7953 25.5675 15.1]\n",
            " [0.0 1.0 45.6906 30.0735 24.2359 9.1]\n",
            " [0.0 1.0 43.4098 31.2315 25.3586 12.9]\n",
            " [1.0 0.0 44.4252 28.7436 26.8312 14.7]\n",
            " [0.0 1.0 44.3297 28.7617 26.9086 14.1]\n",
            " [0.0 1.0 47.8913 27.0952 25.0135 14.6]\n",
            " [0.0 1.0 42.2473 30.2089 27.5438 13.7]\n",
            " [0.0 1.0 44.2572 29.6578 26.085 12.9]\n",
            " [0.0 1.0 48.6358 26.6982 24.666 15.0]\n",
            " [0.0 1.0 42.1652 29.3907 28.4441 13.4]\n",
            " [0.0 1.0 45.4434 28.3301 26.2265 14.5]\n",
            " [1.0 0.0 42.1528 30.432 27.4152 13.7]\n",
            " [0.0 1.0 45.2588 28.0079 26.7333 12.6]\n",
            " [1.0 0.0 46.4081 28.1641 25.4278 13.5]\n",
            " [0.0 1.0 47.2275 28.2526 24.5199 12.8]\n",
            " [1.0 0.0 47.3642 27.473 25.1628 11.8]\n",
            " [0.0 1.0 46.1449 27.7085 26.1466 14.1]\n",
            " [0.0 1.0 41.7122 30.1452 28.1426 10.9]\n",
            " [0.0 1.0 47.9777 26.7981 25.2242 16.3]\n",
            " [0.0 1.0 46.7628 28.018 25.2192 15.2]\n",
            " [0.0 1.0 44.9526 28.4671 26.5803 13.1]\n",
            " [0.0 1.0 44.1868 28.9764 26.8368 14.1]\n",
            " [0.0 1.0 46.9428 27.2219 25.8353 13.3]\n",
            " [0.0 1.0 48.8523 26.2003 24.9474 14.1]\n",
            " [0.0 1.0 45.7581 27.2867 26.9553 11.8]\n",
            " [0.0 1.0 48.5356 26.4917 24.9727 15.6]\n",
            " [0.0 1.0 45.5833 27.6916 26.7252 11.7]\n",
            " [0.0 1.0 45.9659 28.4015 25.6326 13.0]\n",
            " [0.0 1.0 44.0418 28.5164 27.4418 11.9]\n",
            " [0.0 1.0 43.9633 28.5978 27.439 13.4]\n",
            " [1.0 0.0 47.1003 28.3195 24.5801 12.4]\n",
            " [0.0 1.0 46.0477 28.6476 25.3047 14.4]\n",
            " [0.0 1.0 46.2133 28.3358 25.4509 13.0]\n",
            " [0.0 1.0 49.1475 28.2711 22.5813 12.6]\n",
            " [0.0 1.0 45.7986 27.7309 26.4706 13.0]\n",
            " [0.0 1.0 40.6395 32.1891 27.1714 2.8]\n",
            " [1.0 0.0 50.3562 29.2206 20.4232 11.9]\n",
            " [1.0 0.0 43.9224 29.8338 26.2437 12.1]\n",
            " [1.0 0.0 45.0693 29.8506 25.0801 10.0]\n",
            " [1.0 0.0 45.8483 27.2043 26.9474 15.5]\n",
            " [0.0 1.0 43.4837 30.7106 25.8057 10.5]\n",
            " [1.0 0.0 38.7968 31.3618 29.8414 8.5]\n",
            " [1.0 0.0 45.4201 29.4684 25.1115 12.0]\n",
            " [0.0 1.0 44.1609 29.5993 26.2399 9.5]\n",
            " [1.0 0.0 44.1609 29.5993 26.2399 12.5]\n",
            " [1.0 0.0 42.5892 31.5405 25.8703 9.0]\n",
            " [1.0 0.0 46.9597 28.4993 24.541 8.4]\n",
            " [1.0 0.0 44.1995 29.486 26.3145 11.2]\n",
            " [0.0 1.0 41.133 32.3681 26.4989 10.0]\n",
            " [1.0 0.0 52.9108 26.7881 20.301 11.5]\n",
            " [0.0 1.0 50.4976 28.8065 20.696 11.1]\n",
            " [0.0 1.0 44.72 28.0357 27.2443 14.0]\n",
            " [0.0 1.0 53.9113 26.3455 19.7433 14.5]\n",
            " [1.0 0.0 49.5899 28.9754 21.4347 9.9]\n",
            " [1.0 0.0 45.9707 30.9397 23.0896 8.7]\n",
            " [1.0 0.0 42.4532 30.9448 26.602 9.2]\n",
            " [1.0 0.0 44.3346 30.4043 25.2611 8.0]\n",
            " [1.0 0.0 43.8783 29.4752 26.6465 14.1]\n",
            " [1.0 0.0 42.8269 29.0594 28.1137 12.7]\n",
            " [1.0 0.0 43.1335 29.3459 27.5206 10.4]\n",
            " [0.0 1.0 45.4735 27.9181 26.6084 16.0]\n",
            " [1.0 0.0 50.4801 25.1403 24.3796 11.5]\n",
            " [1.0 0.0 46.255 27.2758 26.4692 11.0]\n",
            " [0.0 1.0 46.7979 28.1768 25.0253 14.0]\n",
            " [0.0 1.0 46.5811 29.7082 23.7107 11.3]\n",
            " [0.0 1.0 54.6478 25.8109 19.5413 15.2]\n",
            " [0.0 1.0 48.8763 29.4806 21.6431 12.5]\n",
            " [1.0 0.0 46.3745 28.882 24.7435 10.7]\n",
            " [0.0 1.0 43.1425 30.289 26.5686 9.5]\n",
            " [0.0 1.0 49.5037 26.7716 23.7246 14.5]\n",
            " [0.0 1.0 47.7549 26.2457 25.9994 15.2]\n",
            " [1.0 0.0 42.5314 30.9742 26.4944 8.7]\n",
            " [0.0 1.0 52.154 26.0853 21.7607 16.0]\n",
            " [1.0 0.0 51.5802 28.2678 20.152 13.2]\n",
            " [0.0 1.0 48.3681 26.922 24.7099 12.5]\n",
            " [0.0 1.0 47.326 27.278 25.396 13.0]\n",
            " [1.0 0.0 49.9999 29.286 20.7141 14.5]\n",
            " [0.0 1.0 42.2324 30.6757 27.0919 6.3]\n",
            " [1.0 0.0 45.6064 31.9084 22.4852 12.7]\n",
            " [0.0 1.0 45.2095 29.2769 25.5136 13.4]\n",
            " [1.0 0.0 43.5706 29.8094 26.6199 12.2]]\n"
          ]
        }
      ]
    },
    {
      "cell_type": "code",
      "source": [
        "from sklearn import preprocessing\n",
        "le = preprocessing.LabelEncoder()\n",
        "y = le.fit_transform(y)\n",
        "print(y)"
      ],
      "metadata": {
        "id": "1P2FjwED_6Zj",
        "colab": {
          "base_uri": "https://localhost:8080/"
        },
        "outputId": "3fe7fa20-50b8-4fcc-d37b-f7d451a5b027"
      },
      "execution_count": 6,
      "outputs": [
        {
          "output_type": "stream",
          "name": "stdout",
          "text": [
            "[1 0 0 0 0 0 1 0 0 1 0 0 1 1 0 0 1 1 0 1 0 0 0 0 1 0 0 0 0 0 0 0 0 0 0 0 0\n",
            " 0 0 0 0 0 0 0 0 0 0 0 0 0 0 0 0 0 0 0 0 0 1 0 0 1 0 1 1 0 1 0 1 1 0 1 0 0\n",
            " 0 0 1 1 1 1 0 0 1 0 0 0 0 0 0 0 0 1 0 0 1 0 0 0 0 1 1 0 0 0]\n"
          ]
        }
      ]
    },
    {
      "cell_type": "markdown",
      "source": [
        "### ***SPLITTING***"
      ],
      "metadata": {
        "id": "nXOM5MdPKJ_K"
      }
    },
    {
      "cell_type": "code",
      "source": [
        "from sklearn.model_selection import train_test_split\n",
        "X_train, X_test, y_train, y_test = train_test_split(X, y, test_size = 0.225, random_state = 1)\n",
        "print(X_train)"
      ],
      "metadata": {
        "id": "S_SPBVEWGnZM",
        "colab": {
          "base_uri": "https://localhost:8080/"
        },
        "outputId": "3813e384-87f6-49e0-f3eb-b3dd0eb26b33"
      },
      "execution_count": 7,
      "outputs": [
        {
          "output_type": "stream",
          "name": "stdout",
          "text": [
            "[[0.0 1.0 46.7628 28.018 25.2192 15.2]\n",
            " [0.0 1.0 41.7122 30.1452 28.1426 10.9]\n",
            " [0.0 1.0 45.4735 27.9181 26.6084 16.0]\n",
            " [0.0 1.0 46.7979 28.1768 25.0253 14.0]\n",
            " [0.0 1.0 48.5356 26.4917 24.9727 15.6]\n",
            " [1.0 0.0 46.4081 28.1641 25.4278 13.5]\n",
            " [1.0 0.0 45.3506 29.1248 25.5246 12.6]\n",
            " [1.0 0.0 45.0107 28.9677 26.0215 11.7]\n",
            " [0.0 1.0 42.1652 29.3907 28.4441 13.4]\n",
            " [1.0 0.0 46.9597 28.4993 24.541 8.4]\n",
            " [1.0 0.0 40.9365 31.9687 27.0948 9.9]\n",
            " [0.0 1.0 44.3297 28.7617 26.9086 14.1]\n",
            " [1.0 0.0 45.8483 27.2043 26.9474 15.5]\n",
            " [1.0 0.0 49.9999 29.286 20.7141 14.5]\n",
